#param = -level 1 -nbSearches 1000000
#Score		Playout		Time
#mean	ci	mean	ci	
88.1	1.0	10000.0	0.0	1018.5
88.9	0.9	20000.0	0.0	1018.5
89.2	0.9	30000.0	0.0	1018.5
89.3	0.9	40000.0	0.0	1018.5
89.4	0.9	50000.0	0.0	1018.5
89.5	0.9	60000.0	0.0	1018.5
89.6	0.9	70000.0	0.0	1018.5
89.8	0.9	80000.0	0.0	1018.5
89.8	0.9	90000.0	0.0	1018.5
89.9	0.9	100000.0	0.0	1018.5
90.0	0.9	110000.0	0.0	1018.5
90.0	0.9	120000.0	0.0	1018.5
90.0	0.9	130000.0	0.0	1018.5
90.1	0.9	140000.0	0.0	1018.5
90.1	0.9	150000.0	0.0	1018.5
90.1	0.9	160000.0	0.0	1018.5
90.2	0.9	170000.0	0.0	1018.5
90.2	0.9	180000.0	0.0	1018.5
90.2	0.9	190000.0	0.0	1018.5
90.2	0.9	200000.0	0.0	1018.5
90.3	0.9	210000.0	0.0	1018.5
90.3	0.9	220000.0	0.0	1018.5
90.4	0.9	230000.0	0.0	1018.5
90.4	0.9	240000.0	0.0	1018.5
90.4	0.9	250000.0	0.0	1018.5
90.4	0.9	260000.0	0.0	1018.5
90.4	0.9	270000.0	0.0	1018.5
90.4	0.9	280000.0	0.0	1018.5
90.4	0.9	290000.0	0.0	1018.5
90.4	0.9	300000.0	0.0	1018.5
90.4	0.9	310000.0	0.0	1018.5
90.4	0.9	320000.0	0.0	1018.5
90.5	0.9	330000.0	0.0	1018.5
90.5	0.9	340000.0	0.0	1018.5
90.5	0.9	350000.0	0.0	1018.5
90.6	1.0	360000.0	0.0	1018.5
90.6	1.0	370000.0	0.0	1018.5
90.6	1.0	380000.0	0.0	1018.5
90.6	1.0	390000.0	0.0	1018.5
90.6	1.0	400000.0	0.0	1018.5
90.6	1.0	410000.0	0.0	1018.5
90.6	1.0	420000.0	0.0	1018.5
90.6	1.0	430000.0	0.0	1018.5
90.6	1.0	440000.0	0.0	1018.5
90.6	1.0	450000.0	0.0	1018.5
90.6	1.0	460000.0	0.0	1018.5
90.6	1.0	470000.0	0.0	1018.5
90.6	1.0	480000.0	0.0	1018.5
90.6	1.0	490000.0	0.0	1018.5
90.7	1.0	500000.0	0.0	1018.5
90.7	1.0	510000.0	0.0	1018.5
90.7	1.0	520000.0	0.0	1018.5
90.7	1.0	530000.0	0.0	1018.5
90.7	1.0	540000.0	0.0	1018.5
90.7	1.0	550000.0	0.0	1018.5
90.7	1.0	560000.0	0.0	1018.5
90.7	1.0	570000.0	0.0	1018.5
90.7	1.0	580000.0	0.0	1018.5
90.7	1.0	590000.0	0.0	1018.5
90.7	1.0	600000.0	0.0	1018.5
90.8	1.0	610000.0	0.0	1018.5
90.8	1.0	620000.0	0.0	1018.5
90.8	1.0	630000.0	0.0	1018.5
90.8	1.0	640000.0	0.0	1018.5
90.8	1.0	650000.0	0.0	1018.5
90.8	1.0	660000.0	0.0	1018.5
90.9	1.0	670000.0	0.0	1018.5
90.9	1.0	680000.0	0.0	1018.5
90.9	1.0	690000.0	0.0	1018.5
90.9	1.0	700000.0	0.0	1018.5
90.9	1.0	710000.0	0.0	1018.5
90.9	1.0	720000.0	0.0	1018.5
90.9	1.0	730000.0	0.0	1018.5
90.9	1.0	740000.0	0.0	1018.5
90.9	1.0	750000.0	0.0	1018.5
90.9	1.0	760000.0	0.0	1018.5
90.9	1.0	770000.0	0.0	1018.5
90.9	1.0	780000.0	0.0	1018.5
90.9	1.0	790000.0	0.0	1018.5
90.9	1.0	800000.0	0.0	1018.5
90.9	1.0	810000.0	0.0	1018.5
90.9	1.0	820000.0	0.0	1018.5
90.9	1.0	830000.0	0.0	1018.5
90.9	1.0	840000.0	0.0	1018.5
91.0	1.0	850000.0	0.0	1018.5
91.0	1.0	860000.0	0.0	1018.5
91.0	1.0	870000.0	0.0	1018.5
91.0	1.0	880000.0	0.0	1018.5
91.0	1.0	890000.0	0.0	1018.5
91.0	1.0	900000.0	0.0	1018.5
91.0	1.0	910000.0	0.0	1018.5
91.0	1.0	920000.0	0.0	1018.5
91.0	1.0	930000.0	0.0	1018.5
91.0	1.0	940000.0	0.0	1018.5
91.0	1.0	950000.0	0.0	1018.5
91.0	1.0	960000.0	0.0	1018.5
91.0	1.0	970000.0	0.0	1018.5
91.1	1.0	980000.0	0.0	1018.5
91.1	1.0	990000.0	0.0	1018.5
91.1	1.0	1000000.0	0.0	1018.5


#param = -level 4 -nbSearches 32
#Score		Playout		Time
#mean	ci	mean	ci	
98.3	0.7	10485.0	0.0	1099.2
104.5	1.4	20970.0	0.0	1099.2
110.2	1.8	31455.0	0.0	1099.2
110.8	1.8	41940.0	0.0	1099.2
112.1	1.8	52425.0	0.0	1099.2
114.2	1.8	62910.0	0.0	1099.2
114.9	1.8	73395.0	0.0	1099.2
115.6	1.8	83880.0	0.0	1099.2
117.1	1.7	94365.0	0.0	1099.2
117.7	1.8	104850.0	0.0	1099.2
118.1	1.8	115335.0	0.0	1099.2
119.5	1.8	125820.0	0.0	1099.2
120.3	1.9	136305.0	0.0	1099.2
120.8	1.8	146790.0	0.0	1099.2
122.0	1.7	157275.0	0.0	1099.2
123.7	1.8	167760.0	0.0	1099.2
123.8	1.8	178245.0	0.0	1099.2
124.1	1.8	188730.0	0.0	1099.2
124.6	1.7	199215.0	0.0	1099.2
124.7	1.7	209700.0	0.0	1099.2
125.3	1.7	220185.0	0.0	1099.2
126.5	1.7	230670.0	0.0	1099.2
126.7	1.7	241155.0	0.0	1099.2
127.0	1.7	251640.0	0.0	1099.2
128.4	1.5	262125.0	0.0	1099.2
128.4	1.5	272610.0	0.0	1099.2
128.9	1.5	283095.0	0.0	1099.2
129.9	1.5	293580.0	0.0	1099.2
130.2	1.5	304065.0	0.0	1099.2
130.6	1.5	314550.0	0.0	1099.2
131.2	1.4	325035.0	0.0	1099.2
131.4	1.4	335520.0	0.0	1099.2
131.6	1.4	346005.0	0.0	1099.2
132.2	1.4	356490.0	0.0	1099.2
132.6	1.4	366975.0	0.0	1099.2
132.9	1.5	377460.0	0.0	1099.2
133.2	1.5	387945.0	0.0	1099.2
133.4	1.5	398430.0	0.0	1099.2
133.6	1.5	408915.0	0.0	1099.2
134.0	1.4	419400.0	0.0	1099.2
135.0	1.4	429885.0	0.0	1099.2
135.1	1.4	440370.0	0.0	1099.2
135.3	1.4	450855.0	0.0	1099.2
135.8	1.3	461340.0	0.0	1099.2
135.8	1.4	471825.0	0.0	1099.2
136.2	1.3	482310.0	0.0	1099.2
136.7	1.4	492795.0	0.0	1099.2
136.7	1.4	503280.0	0.0	1099.2
137.0	1.3	513765.0	0.0	1099.2
137.6	1.3	524250.0	0.0	1099.2
137.6	1.3	534735.0	0.0	1099.2
138.1	1.3	545220.0	0.0	1099.2
138.5	1.3	555705.0	0.0	1099.2
138.8	1.3	566190.0	0.0	1099.2
139.0	1.2	576675.0	0.0	1099.2
139.7	1.2	587160.0	0.0	1099.2
139.7	1.2	597645.0	0.0	1099.2
139.9	1.1	608130.0	0.0	1099.2
140.1	1.1	618615.0	0.0	1099.2
140.3	1.1	629100.0	0.0	1099.2
140.5	1.2	639585.0	0.0	1099.2
140.8	1.1	650070.0	0.0	1099.2
141.1	1.1	660555.0	0.0	1099.2
141.2	1.1	671040.0	0.0	1099.2
141.5	1.1	681525.0	0.0	1099.2
141.7	1.1	692010.0	0.0	1099.2
141.7	1.1	702495.0	0.0	1099.2
142.0	1.0	712980.0	0.0	1099.2
142.4	1.0	723465.0	0.0	1099.2
142.5	1.0	733950.0	0.0	1099.2
142.6	1.0	744435.0	0.0	1099.2
142.8	1.0	754920.0	0.0	1099.2
142.9	1.0	765405.0	0.0	1099.2
143.2	1.0	775890.0	0.0	1099.2
143.6	1.0	786375.0	0.0	1099.2
143.7	1.0	796860.0	0.0	1099.2
143.7	1.0	807345.0	0.0	1099.2
143.8	1.0	817830.0	0.0	1099.2
143.9	1.0	828315.0	0.0	1099.2
144.0	1.0	838800.0	0.0	1099.2
144.2	1.0	849285.0	0.0	1099.2
144.2	1.0	859770.0	0.0	1099.2
144.4	1.0	870255.0	0.0	1099.2
144.7	1.0	880740.0	0.0	1099.2
144.7	1.0	891225.0	0.0	1099.2
144.7	1.0	901710.0	0.0	1099.2
144.9	1.0	912195.0	0.0	1099.2
145.0	1.0	922680.0	0.0	1099.2
145.1	0.9	933165.0	0.0	1099.2
145.2	0.9	943650.0	0.0	1099.2
145.3	0.9	954135.0	0.0	1099.2
145.3	0.9	964620.0	0.0	1099.2
145.4	0.9	975105.0	0.0	1099.2
145.5	0.9	985590.0	0.0	1099.2
145.6	0.9	996075.0	0.0	1099.2
145.6	0.9	1006560.0	0.0	1099.2
145.7	0.9	1017045.0	0.0	1099.2
145.8	0.9	1027530.0	0.0	1099.2
145.8	0.9	1038015.0	0.0	1099.2
146.0	0.9	1048500.0	0.0	1099.2


#param = -level 3 -nbSearches 100
#Score		Playout		Time
#mean	ci	mean	ci	
104.5	1.5	10000.0	0.0	1126.0
107.8	1.5	20000.0	0.0	1126.0
110.5	1.5	30000.0	0.0	1126.0
112.8	1.6	40000.0	0.0	1126.0
114.5	1.7	50000.0	0.0	1126.0
116.7	1.8	60000.0	0.0	1126.0
118.2	1.8	70000.0	0.0	1126.0
120.2	1.8	80000.0	0.0	1126.0
121.6	1.9	90000.0	0.0	1126.0
123.1	1.8	100000.0	0.0	1126.0
124.4	1.7	110000.0	0.0	1126.0
125.3	1.7	120000.0	0.0	1126.0
126.2	1.7	130000.0	0.0	1126.0
127.0	1.7	140000.0	0.0	1126.0
128.0	1.7	150000.0	0.0	1126.0
129.3	1.6	160000.0	0.0	1126.0
130.5	1.6	170000.0	0.0	1126.0
131.4	1.5	180000.0	0.0	1126.0
132.3	1.4	190000.0	0.0	1126.0
132.9	1.4	200000.0	0.0	1126.0
133.7	1.3	210000.0	0.0	1126.0
134.1	1.3	220000.0	0.0	1126.0
134.7	1.3	230000.0	0.0	1126.0
135.3	1.2	240000.0	0.0	1126.0
135.7	1.2	250000.0	0.0	1126.0
136.1	1.2	260000.0	0.0	1126.0
136.8	1.2	270000.0	0.0	1126.0
137.1	1.2	280000.0	0.0	1126.0
137.5	1.2	290000.0	0.0	1126.0
137.8	1.2	300000.0	0.0	1126.0
138.2	1.2	310000.0	0.0	1126.0
138.5	1.2	320000.0	0.0	1126.0
138.8	1.2	330000.0	0.0	1126.0
139.1	1.2	340000.0	0.0	1126.0
139.4	1.2	350000.0	0.0	1126.0
139.7	1.2	360000.0	0.0	1126.0
140.2	1.1	370000.0	0.0	1126.0
140.3	1.2	380000.0	0.0	1126.0
140.5	1.2	390000.0	0.0	1126.0
140.7	1.2	400000.0	0.0	1126.0
140.8	1.2	410000.0	0.0	1126.0
140.9	1.2	420000.0	0.0	1126.0
141.3	1.2	430000.0	0.0	1126.0
141.4	1.2	440000.0	0.0	1126.0
141.7	1.2	450000.0	0.0	1126.0
142.0	1.2	460000.0	0.0	1126.0
142.0	1.2	470000.0	0.0	1126.0
142.3	1.1	480000.0	0.0	1126.0
142.5	1.1	490000.0	0.0	1126.0
142.7	1.1	500000.0	0.0	1126.0
143.0	1.1	510000.0	0.0	1126.0
143.1	1.1	520000.0	0.0	1126.0
143.3	1.1	530000.0	0.0	1126.0
143.4	1.1	540000.0	0.0	1126.0
143.5	1.1	550000.0	0.0	1126.0
143.6	1.1	560000.0	0.0	1126.0
143.8	1.1	570000.0	0.0	1126.0
143.8	1.1	580000.0	0.0	1126.0
144.0	1.1	590000.0	0.0	1126.0
144.1	1.1	600000.0	0.0	1126.0
144.5	1.0	610000.0	0.0	1126.0
144.7	1.0	620000.0	0.0	1126.0
144.8	1.0	630000.0	0.0	1126.0
144.9	1.0	640000.0	0.0	1126.0
145.0	1.0	650000.0	0.0	1126.0
145.2	1.0	660000.0	0.0	1126.0
145.3	1.0	670000.0	0.0	1126.0
145.4	1.0	680000.0	0.0	1126.0
145.4	1.0	690000.0	0.0	1126.0
145.6	1.0	700000.0	0.0	1126.0
145.6	1.0	710000.0	0.0	1126.0
145.6	1.0	720000.0	0.0	1126.0
145.7	1.0	730000.0	0.0	1126.0
145.8	1.0	740000.0	0.0	1126.0
145.8	1.0	750000.0	0.0	1126.0
145.9	1.0	760000.0	0.0	1126.0
146.0	1.0	770000.0	0.0	1126.0
146.0	1.0	780000.0	0.0	1126.0
146.1	1.0	790000.0	0.0	1126.0
146.1	1.0	800000.0	0.0	1126.0
146.2	0.9	810000.0	0.0	1126.0
146.2	0.9	820000.0	0.0	1126.0
146.3	0.9	830000.0	0.0	1126.0
146.4	0.9	840000.0	0.0	1126.0
146.5	0.9	850000.0	0.0	1126.0
146.5	0.9	860000.0	0.0	1126.0
146.6	0.9	870000.0	0.0	1126.0
146.7	1.0	880000.0	0.0	1126.0
146.7	0.9	890000.0	0.0	1126.0
146.8	1.0	900000.0	0.0	1126.0
146.8	1.0	910000.0	0.0	1126.0
146.8	1.0	920000.0	0.0	1126.0
146.9	1.0	930000.0	0.0	1126.0
146.9	1.0	940000.0	0.0	1126.0
146.9	1.0	950000.0	0.0	1126.0
147.0	1.0	960000.0	0.0	1126.0
147.1	1.0	970000.0	0.0	1126.0
147.1	1.0	980000.0	0.0	1126.0
147.1	1.0	990000.0	0.0	1126.0
147.2	1.0	1000000.0	0.0	1126.0


#param = -level 2 -nbSearches 1000
#Score		Playout		Time
#mean	ci	mean	ci	
95.0	0.8	10000.0	0.0	1173.5
99.7	1.3	20000.0	0.0	1173.5
102.7	1.4	30000.0	0.0	1173.5
106.1	1.6	40000.0	0.0	1173.5
108.4	1.8	50000.0	0.0	1173.5
110.6	1.9	60000.0	0.0	1173.5
112.1	1.9	70000.0	0.0	1173.5
113.5	2.0	80000.0	0.0	1173.5
114.9	2.0	90000.0	0.0	1173.5
116.1	2.0	100000.0	0.0	1173.5
116.8	2.0	110000.0	0.0	1173.5
117.6	2.0	120000.0	0.0	1173.5
118.4	2.1	130000.0	0.0	1173.5
119.1	2.1	140000.0	0.0	1173.5
120.0	2.1	150000.0	0.0	1173.5
120.6	2.1	160000.0	0.0	1173.5
121.4	2.2	170000.0	0.0	1173.5
122.1	2.2	180000.0	0.0	1173.5
122.7	2.2	190000.0	0.0	1173.5
123.1	2.2	200000.0	0.0	1173.5
123.6	2.2	210000.0	0.0	1173.5
124.0	2.2	220000.0	0.0	1173.5
124.4	2.2	230000.0	0.0	1173.5
124.7	2.2	240000.0	0.0	1173.5
125.1	2.2	250000.0	0.0	1173.5
125.4	2.3	260000.0	0.0	1173.5
125.7	2.3	270000.0	0.0	1173.5
126.0	2.3	280000.0	0.0	1173.5
126.3	2.2	290000.0	0.0	1173.5
126.8	2.2	300000.0	0.0	1173.5
127.0	2.2	310000.0	0.0	1173.5
127.2	2.3	320000.0	0.0	1173.5
127.6	2.3	330000.0	0.0	1173.5
128.0	2.3	340000.0	0.0	1173.5
128.3	2.3	350000.0	0.0	1173.5
128.8	2.3	360000.0	0.0	1173.5
128.9	2.3	370000.0	0.0	1173.5
129.2	2.3	380000.0	0.0	1173.5
129.3	2.3	390000.0	0.0	1173.5
129.5	2.4	400000.0	0.0	1173.5
129.6	2.4	410000.0	0.0	1173.5
129.6	2.4	420000.0	0.0	1173.5
129.7	2.4	430000.0	0.0	1173.5
129.8	2.4	440000.0	0.0	1173.5
129.8	2.4	450000.0	0.0	1173.5
129.8	2.4	460000.0	0.0	1173.5
130.0	2.4	470000.0	0.0	1173.5
130.1	2.4	480000.0	0.0	1173.5
130.2	2.4	490000.0	0.0	1173.5
130.2	2.4	500000.0	0.0	1173.5
130.3	2.4	510000.0	0.0	1173.5
130.4	2.4	520000.0	0.0	1173.5
130.5	2.4	530000.0	0.0	1173.5
130.6	2.5	540000.0	0.0	1173.5
130.7	2.5	550000.0	0.0	1173.5
131.0	2.4	560000.0	0.0	1173.5
131.1	2.4	570000.0	0.0	1173.5
131.2	2.4	580000.0	0.0	1173.5
131.3	2.4	590000.0	0.0	1173.5
131.4	2.5	600000.0	0.0	1173.5
131.5	2.5	610000.0	0.0	1173.5
131.6	2.5	620000.0	0.0	1173.5
131.6	2.5	630000.0	0.0	1173.5
131.7	2.5	640000.0	0.0	1173.5
131.7	2.5	650000.0	0.0	1173.5
131.8	2.5	660000.0	0.0	1173.5
131.9	2.4	670000.0	0.0	1173.5
131.9	2.4	680000.0	0.0	1173.5
131.9	2.4	690000.0	0.0	1173.5
132.0	2.4	700000.0	0.0	1173.5
132.1	2.4	710000.0	0.0	1173.5
132.1	2.5	720000.0	0.0	1173.5
132.2	2.5	730000.0	0.0	1173.5
132.3	2.5	740000.0	0.0	1173.5
132.3	2.5	750000.0	0.0	1173.5
132.5	2.5	760000.0	0.0	1173.5
132.5	2.5	770000.0	0.0	1173.5
132.6	2.5	780000.0	0.0	1173.5
132.6	2.4	790000.0	0.0	1173.5
132.6	2.4	800000.0	0.0	1173.5
132.6	2.4	810000.0	0.0	1173.5
132.7	2.4	820000.0	0.0	1173.5
132.7	2.4	830000.0	0.0	1173.5
132.8	2.4	840000.0	0.0	1173.5
132.8	2.4	850000.0	0.0	1173.5
132.8	2.5	860000.0	0.0	1173.5
132.9	2.5	870000.0	0.0	1173.5
133.1	2.5	880000.0	0.0	1173.5
133.1	2.5	890000.0	0.0	1173.5
133.2	2.5	900000.0	0.0	1173.5
133.3	2.4	910000.0	0.0	1173.5
133.3	2.4	920000.0	0.0	1173.5
133.3	2.4	930000.0	0.0	1173.5
133.4	2.4	940000.0	0.0	1173.5
133.4	2.4	950000.0	0.0	1173.5
133.4	2.4	960000.0	0.0	1173.5
133.4	2.4	970000.0	0.0	1173.5
133.4	2.4	980000.0	0.0	1173.5
133.4	2.4	990000.0	0.0	1173.5
133.4	2.4	1000000.0	0.0	1173.5


