#param = -level 1 -nbSearches 10000
#Score		Playout		Time
#mean	ci	mean	ci	
79.6	0.3	100.0	0.0	6.1
81.9	0.3	200.0	0.0	6.1
82.9	0.3	300.0	0.0	6.1
83.7	0.3	400.0	0.0	6.1
84.2	0.3	500.0	0.0	6.1
84.5	0.3	600.0	0.0	6.1
84.9	0.3	700.0	0.0	6.1
85.2	0.3	800.0	0.0	6.1
85.4	0.3	900.0	0.0	6.1
85.6	0.3	1000.0	0.0	6.1
85.8	0.3	1100.0	0.0	6.1
85.9	0.3	1200.0	0.0	6.1
86.1	0.3	1300.0	0.0	6.1
86.3	0.3	1400.0	0.0	6.1
86.4	0.3	1500.0	0.0	6.1
86.5	0.3	1600.0	0.0	6.1
86.6	0.3	1700.0	0.0	6.1
86.7	0.3	1800.0	0.0	6.1
86.7	0.3	1900.0	0.0	6.1
86.8	0.3	2000.0	0.0	6.1
86.9	0.3	2100.0	0.0	6.1
87.0	0.3	2200.0	0.0	6.1
87.0	0.3	2300.0	0.0	6.1
87.1	0.3	2400.0	0.0	6.1
87.1	0.3	2500.0	0.0	6.1
87.2	0.3	2600.0	0.0	6.1
87.3	0.3	2700.0	0.0	6.1
87.3	0.3	2800.0	0.0	6.1
87.3	0.3	2900.0	0.0	6.1
87.4	0.3	3000.0	0.0	6.1
87.5	0.3	3100.0	0.0	6.1
87.5	0.3	3200.0	0.0	6.1
87.5	0.3	3300.0	0.0	6.1
87.5	0.3	3400.0	0.0	6.1
87.6	0.3	3500.0	0.0	6.1
87.6	0.3	3600.0	0.0	6.1
87.6	0.3	3700.0	0.0	6.1
87.7	0.3	3800.0	0.0	6.1
87.7	0.3	3900.0	0.0	6.1
87.7	0.3	4000.0	0.0	6.1
87.8	0.3	4100.0	0.0	6.1
87.8	0.3	4200.0	0.0	6.1
87.8	0.3	4300.0	0.0	6.1
87.9	0.3	4400.0	0.0	6.1
87.9	0.3	4500.0	0.0	6.1
87.9	0.3	4600.0	0.0	6.1
87.9	0.3	4700.0	0.0	6.1
88.0	0.3	4800.0	0.0	6.1
88.0	0.3	4900.0	0.0	6.1
88.0	0.3	5000.0	0.0	6.1
88.0	0.3	5100.0	0.0	6.1
88.1	0.3	5200.0	0.0	6.1
88.1	0.3	5300.0	0.0	6.1
88.1	0.3	5400.0	0.0	6.1
88.2	0.3	5500.0	0.0	6.1
88.2	0.3	5600.0	0.0	6.1
88.2	0.3	5700.0	0.0	6.1
88.2	0.3	5800.0	0.0	6.1
88.2	0.3	5900.0	0.0	6.1
88.2	0.3	6000.0	0.0	6.1
88.3	0.3	6100.0	0.0	6.1
88.3	0.3	6200.0	0.0	6.1
88.3	0.3	6300.0	0.0	6.1
88.3	0.3	6400.0	0.0	6.1
88.3	0.3	6500.0	0.0	6.1
88.4	0.3	6600.0	0.0	6.1
88.4	0.3	6700.0	0.0	6.1
88.4	0.3	6800.0	0.0	6.1
88.4	0.3	6900.0	0.0	6.1
88.5	0.3	7000.0	0.0	6.1
88.5	0.3	7100.0	0.0	6.1
88.5	0.3	7200.0	0.0	6.1
88.5	0.3	7300.0	0.0	6.1
88.5	0.3	7400.0	0.0	6.1
88.5	0.3	7500.0	0.0	6.1
88.5	0.3	7600.0	0.0	6.1
88.5	0.3	7700.0	0.0	6.1
88.5	0.3	7800.0	0.0	6.1
88.6	0.3	7900.0	0.0	6.1
88.6	0.3	8000.0	0.0	6.1
88.6	0.3	8100.0	0.0	6.1
88.6	0.3	8200.0	0.0	6.1
88.6	0.3	8300.0	0.0	6.1
88.6	0.3	8400.0	0.0	6.1
88.6	0.3	8500.0	0.0	6.1
88.6	0.3	8600.0	0.0	6.1
88.6	0.3	8700.0	0.0	6.1
88.7	0.3	8800.0	0.0	6.1
88.7	0.3	8900.0	0.0	6.1
88.7	0.3	9000.0	0.0	6.1
88.7	0.3	9100.0	0.0	6.1
88.7	0.3	9200.0	0.0	6.1
88.7	0.3	9300.0	0.0	6.1
88.7	0.3	9400.0	0.0	6.1
88.7	0.3	9500.0	0.0	6.1
88.7	0.3	9600.0	0.0	6.1
88.7	0.3	9700.0	0.0	6.1
88.8	0.3	9800.0	0.0	6.1
88.8	0.3	9900.0	0.0	6.1
88.8	0.3	10000.0	0.0	6.1


#param = -level 2 -nbSearches 100
#Score		Playout		Time
#mean	ci	mean	ci	
79.5	0.3	100.0	0.0	6.3
82.4	0.3	200.0	0.0	6.3
84.0	0.2	300.0	0.0	6.3
85.2	0.2	400.0	0.0	6.3
86.1	0.2	500.0	0.0	6.3
86.8	0.2	600.0	0.0	6.3
87.4	0.2	700.0	0.0	6.3
88.0	0.2	800.0	0.0	6.3
88.5	0.2	900.0	0.0	6.3
88.9	0.2	1000.0	0.0	6.3
89.3	0.2	1100.0	0.0	6.3
89.6	0.2	1200.0	0.0	6.3
90.0	0.2	1300.0	0.0	6.3
90.4	0.2	1400.0	0.0	6.3
90.7	0.2	1500.0	0.0	6.3
91.1	0.2	1600.0	0.0	6.3
91.4	0.2	1700.0	0.0	6.3
91.7	0.2	1800.0	0.0	6.3
91.9	0.2	1900.0	0.0	6.3
92.2	0.2	2000.0	0.0	6.3
92.5	0.2	2100.0	0.0	6.3
92.8	0.2	2200.0	0.0	6.3
93.1	0.2	2300.0	0.0	6.3
93.4	0.2	2400.0	0.0	6.3
93.7	0.2	2500.0	0.0	6.3
93.9	0.2	2600.0	0.0	6.3
94.2	0.2	2700.0	0.0	6.3
94.4	0.2	2800.0	0.0	6.3
94.6	0.2	2900.0	0.0	6.3
94.8	0.2	3000.0	0.0	6.3
95.0	0.2	3100.0	0.0	6.3
95.2	0.2	3200.0	0.0	6.3
95.5	0.2	3300.0	0.0	6.3
95.7	0.2	3400.0	0.0	6.3
95.9	0.2	3500.0	0.0	6.3
96.0	0.2	3600.0	0.0	6.3
96.2	0.2	3700.0	0.0	6.3
96.4	0.2	3800.0	0.0	6.3
96.6	0.2	3900.0	0.0	6.3
96.8	0.3	4000.0	0.0	6.3
97.0	0.3	4100.0	0.0	6.3
97.2	0.3	4200.0	0.0	6.3
97.3	0.3	4300.0	0.0	6.3
97.5	0.3	4400.0	0.0	6.3
97.6	0.3	4500.0	0.0	6.3
97.8	0.3	4600.0	0.0	6.3
98.0	0.3	4700.0	0.0	6.3
98.1	0.3	4800.0	0.0	6.3
98.3	0.3	4900.0	0.0	6.3
98.4	0.3	5000.0	0.0	6.3
98.6	0.3	5100.0	0.0	6.3
98.7	0.3	5200.0	0.0	6.3
98.9	0.3	5300.0	0.0	6.3
99.1	0.3	5400.0	0.0	6.3
99.2	0.3	5500.0	0.0	6.3
99.3	0.3	5600.0	0.0	6.3
99.5	0.3	5700.0	0.0	6.3
99.6	0.3	5800.0	0.0	6.3
99.8	0.3	5900.0	0.0	6.3
99.9	0.3	6000.0	0.0	6.3
100.0	0.3	6100.0	0.0	6.3
100.1	0.3	6200.0	0.0	6.3
100.3	0.3	6300.0	0.0	6.3
100.5	0.3	6400.0	0.0	6.3
100.6	0.3	6500.0	0.0	6.3
100.7	0.3	6600.0	0.0	6.3
100.8	0.3	6700.0	0.0	6.3
100.9	0.4	6800.0	0.0	6.3
101.0	0.4	6900.0	0.0	6.3
101.1	0.4	7000.0	0.0	6.3
101.3	0.4	7100.0	0.0	6.3
101.3	0.4	7200.0	0.0	6.3
101.5	0.4	7300.0	0.0	6.3
101.6	0.4	7400.0	0.0	6.3
101.7	0.4	7500.0	0.0	6.3
101.8	0.4	7600.0	0.0	6.3
101.9	0.4	7700.0	0.0	6.3
102.1	0.4	7800.0	0.0	6.3
102.2	0.4	7900.0	0.0	6.3
102.3	0.4	8000.0	0.0	6.3
102.4	0.4	8100.0	0.0	6.3
102.5	0.4	8200.0	0.0	6.3
102.7	0.4	8300.0	0.0	6.3
102.7	0.4	8400.0	0.0	6.3
102.8	0.4	8500.0	0.0	6.3
102.9	0.4	8600.0	0.0	6.3
103.0	0.4	8700.0	0.0	6.3
103.1	0.4	8800.0	0.0	6.3
103.2	0.4	8900.0	0.0	6.3
103.3	0.4	9000.0	0.0	6.3
103.4	0.4	9100.0	0.0	6.3
103.5	0.4	9200.0	0.0	6.3
103.6	0.4	9300.0	0.0	6.3
103.7	0.4	9400.0	0.0	6.3
103.8	0.4	9500.0	0.0	6.3
103.9	0.4	9600.0	0.0	6.3
104.0	0.4	9700.0	0.0	6.3
104.1	0.4	9800.0	0.0	6.3
104.2	0.4	9900.0	0.0	6.3
104.3	0.5	10000.0	0.0	6.3


#param = -level 4 -nbSearches 10
#Score		Playout		Time
#mean	ci	mean	ci	
78.7	0.2	100.0	0.0	6.4
81.0	0.2	200.0	0.0	6.4
82.4	0.2	300.0	0.0	6.4
83.6	0.2	400.0	0.0	6.4
84.6	0.2	500.0	0.0	6.4
85.2	0.2	600.0	0.0	6.4
85.9	0.2	700.0	0.0	6.4
86.5	0.2	800.0	0.0	6.4
87.0	0.2	900.0	0.0	6.4
87.5	0.2	1000.0	0.0	6.4
87.6	0.2	1100.0	0.0	6.4
87.7	0.2	1200.0	0.0	6.4
87.8	0.2	1300.0	0.0	6.4
88.0	0.2	1400.0	0.0	6.4
88.2	0.1	1500.0	0.0	6.4
88.4	0.1	1600.0	0.0	6.4
88.6	0.1	1700.0	0.0	6.4
88.7	0.1	1800.0	0.0	6.4
89.0	0.1	1900.0	0.0	6.4
89.2	0.1	2000.0	0.0	6.4
89.3	0.1	2100.0	0.0	6.4
89.3	0.1	2200.0	0.0	6.4
89.4	0.1	2300.0	0.0	6.4
89.5	0.1	2400.0	0.0	6.4
89.6	0.1	2500.0	0.0	6.4
89.7	0.1	2600.0	0.0	6.4
89.8	0.1	2700.0	0.0	6.4
90.0	0.1	2800.0	0.0	6.4
90.1	0.1	2900.0	0.0	6.4
90.3	0.1	3000.0	0.0	6.4
90.3	0.1	3100.0	0.0	6.4
90.4	0.1	3200.0	0.0	6.4
90.4	0.1	3300.0	0.0	6.4
90.5	0.1	3400.0	0.0	6.4
90.5	0.1	3500.0	0.0	6.4
90.6	0.1	3600.0	0.0	6.4
90.8	0.1	3700.0	0.0	6.4
90.9	0.1	3800.0	0.0	6.4
91.0	0.1	3900.0	0.0	6.4
91.1	0.1	4000.0	0.0	6.4
91.1	0.1	4100.0	0.0	6.4
91.2	0.1	4200.0	0.0	6.4
91.2	0.1	4300.0	0.0	6.4
91.2	0.1	4400.0	0.0	6.4
91.3	0.1	4500.0	0.0	6.4
91.3	0.1	4600.0	0.0	6.4
91.4	0.1	4700.0	0.0	6.4
91.5	0.1	4800.0	0.0	6.4
91.6	0.1	4900.0	0.0	6.4
91.7	0.1	5000.0	0.0	6.4
91.7	0.1	5100.0	0.0	6.4
91.7	0.1	5200.0	0.0	6.4
91.8	0.1	5300.0	0.0	6.4
91.8	0.1	5400.0	0.0	6.4
91.9	0.1	5500.0	0.0	6.4
92.0	0.1	5600.0	0.0	6.4
92.0	0.1	5700.0	0.0	6.4
92.1	0.1	5800.0	0.0	6.4
92.2	0.1	5900.0	0.0	6.4
92.4	0.1	6000.0	0.0	6.4
92.4	0.1	6100.0	0.0	6.4
92.4	0.1	6200.0	0.0	6.4
92.5	0.1	6300.0	0.0	6.4
92.5	0.1	6400.0	0.0	6.4
92.5	0.1	6500.0	0.0	6.4
92.6	0.1	6600.0	0.0	6.4
92.6	0.1	6700.0	0.0	6.4
92.7	0.1	6800.0	0.0	6.4
92.8	0.1	6900.0	0.0	6.4
92.9	0.1	7000.0	0.0	6.4
92.9	0.1	7100.0	0.0	6.4
93.0	0.1	7200.0	0.0	6.4
93.0	0.1	7300.0	0.0	6.4
93.0	0.1	7400.0	0.0	6.4
93.1	0.1	7500.0	0.0	6.4
93.1	0.1	7600.0	0.0	6.4
93.2	0.1	7700.0	0.0	6.4
93.2	0.1	7800.0	0.0	6.4
93.3	0.1	7900.0	0.0	6.4
93.4	0.1	8000.0	0.0	6.4
93.4	0.1	8100.0	0.0	6.4
93.4	0.1	8200.0	0.0	6.4
93.5	0.1	8300.0	0.0	6.4
93.5	0.1	8400.0	0.0	6.4
93.5	0.1	8500.0	0.0	6.4
93.6	0.1	8600.0	0.0	6.4
93.7	0.1	8700.0	0.0	6.4
93.7	0.1	8800.0	0.0	6.4
93.8	0.1	8900.0	0.0	6.4
93.9	0.1	9000.0	0.0	6.4
93.9	0.1	9100.0	0.0	6.4
94.0	0.1	9200.0	0.0	6.4
94.0	0.1	9300.0	0.0	6.4
94.0	0.1	9400.0	0.0	6.4
94.0	0.1	9500.0	0.0	6.4
94.1	0.1	9600.0	0.0	6.4
94.1	0.1	9700.0	0.0	6.4
94.2	0.1	9800.0	0.0	6.4
94.3	0.1	9900.0	0.0	6.4
94.4	0.1	10000.0	0.0	6.4


#param = -level 3 -nbSearches 22
#Score		Playout		Time
#mean	ci	mean	ci	
78.8	0.2	106.0	0.0	6.7
82.0	0.2	212.0	0.0	6.7
84.2	0.2	318.0	0.0	6.7
85.8	0.2	424.0	0.0	6.7
86.7	0.2	530.0	0.0	6.7
87.0	0.2	636.0	0.0	6.7
87.4	0.2	742.0	0.0	6.7
87.9	0.2	848.0	0.0	6.7
88.6	0.2	954.0	0.0	6.7
88.7	0.2	1060.0	0.0	6.7
88.9	0.2	1166.0	0.0	6.7
89.1	0.2	1272.0	0.0	6.7
89.5	0.2	1378.0	0.0	6.7
89.9	0.2	1484.0	0.0	6.7
89.9	0.2	1590.0	0.0	6.7
90.1	0.2	1696.0	0.0	6.7
90.3	0.2	1802.0	0.0	6.7
90.6	0.2	1908.0	0.0	6.7
90.7	0.2	2014.0	0.0	6.7
90.8	0.2	2120.0	0.0	6.7
90.9	0.2	2226.0	0.0	6.7
91.2	0.2	2332.0	0.0	6.7
91.4	0.2	2438.0	0.0	6.7
91.5	0.2	2544.0	0.0	6.7
91.5	0.2	2650.0	0.0	6.7
91.7	0.2	2756.0	0.0	6.7
91.9	0.2	2862.0	0.0	6.7
92.1	0.2	2968.0	0.0	6.7
92.1	0.2	3074.0	0.0	6.7
92.2	0.2	3180.0	0.0	6.7
92.4	0.2	3286.0	0.0	6.7
92.6	0.2	3392.0	0.0	6.7
92.7	0.2	3498.0	0.0	6.7
92.7	0.2	3604.0	0.0	6.7
92.8	0.2	3710.0	0.0	6.7
93.0	0.2	3816.0	0.0	6.7
93.1	0.2	3922.0	0.0	6.7
93.2	0.2	4028.0	0.0	6.7
93.3	0.2	4134.0	0.0	6.7
93.4	0.2	4240.0	0.0	6.7
93.6	0.2	4346.0	0.0	6.7
93.7	0.2	4452.0	0.0	6.7
93.7	0.2	4558.0	0.0	6.7
93.9	0.2	4664.0	0.0	6.7
94.0	0.2	4770.0	0.0	6.7
94.1	0.2	4876.0	0.0	6.7
94.2	0.2	4982.0	0.0	6.7
94.2	0.2	5088.0	0.0	6.7
94.4	0.2	5194.0	0.0	6.7
94.5	0.2	5300.0	0.0	6.7
94.6	0.2	5406.0	0.0	6.7
94.7	0.2	5512.0	0.0	6.7
94.8	0.2	5618.0	0.0	6.7
94.9	0.2	5724.0	0.0	6.7
95.1	0.2	5830.0	0.0	6.7
95.1	0.2	5936.0	0.0	6.7
95.2	0.2	6042.0	0.0	6.7
95.3	0.2	6148.0	0.0	6.7
95.4	0.2	6254.0	0.0	6.7
95.5	0.2	6360.0	0.0	6.7
95.5	0.2	6466.0	0.0	6.7
95.6	0.2	6572.0	0.0	6.7
95.7	0.2	6678.0	0.0	6.7
95.9	0.2	6784.0	0.0	6.7
95.9	0.2	6890.0	0.0	6.7
96.0	0.2	6996.0	0.0	6.7
96.1	0.2	7102.0	0.0	6.7
96.3	0.2	7208.0	0.0	6.7
96.4	0.2	7314.0	0.0	6.7
96.4	0.2	7420.0	0.0	6.7
96.5	0.2	7526.0	0.0	6.7
96.6	0.2	7632.0	0.0	6.7
96.8	0.2	7738.0	0.0	6.7
96.8	0.2	7844.0	0.0	6.7
96.9	0.2	7950.0	0.0	6.7
97.0	0.2	8056.0	0.0	6.7
97.1	0.2	8162.0	0.0	6.7
97.2	0.2	8268.0	0.0	6.7
97.3	0.2	8374.0	0.0	6.7
97.4	0.2	8480.0	0.0	6.7
97.5	0.2	8586.0	0.0	6.7
97.6	0.2	8692.0	0.0	6.7
97.7	0.2	8798.0	0.0	6.7
97.7	0.2	8904.0	0.0	6.7
97.8	0.2	9010.0	0.0	6.7
98.0	0.2	9116.0	0.0	6.7
98.1	0.2	9222.0	0.0	6.7
98.2	0.2	9328.0	0.0	6.7
98.2	0.2	9434.0	0.0	6.7
98.4	0.3	9540.0	0.0	6.7
98.5	0.3	9646.0	0.0	6.7
98.6	0.3	9752.0	0.0	6.7
98.6	0.3	9858.0	0.0	6.7
98.7	0.3	9964.0	0.0	6.7
98.8	0.3	10070.0	0.0	6.7
99.0	0.3	10176.0	0.0	6.7
99.1	0.3	10282.0	0.0	6.7
99.1	0.3	10388.0	0.0	6.7
99.2	0.3	10494.0	0.0	6.7
99.4	0.3	10600.0	0.0	6.7


